  114  28.92410087  41.21848661    143.288    179.714
  418  28.96705354  41.09314934    108.895    145.433
  255  28.77230876  41.11534550    132.137    168.921
  107  28.89182786  41.04477159     54.128     90.741
  366  29.08863292  40.96669160     49.993     86.510
  442  29.14257010  41.03519340     95.343    131.788
  336  28.90524961  41.19346603    118.825    155.336
  687  29.02726180  41.19052258    199.413    235.677
  634  28.88795805  41.06373820    114.650    151.282
  352  28.76186219  41.21272716     82.696    119.405
  764  28.93846570  41.23661036     85.835    122.201
  673  29.09378415  40.96272801     33.184     69.704
  440  29.12229610  41.13716222    133.129    169.390
  120  29.12717616  41.10091903    222.446    258.800
  331  29.10113497  41.08033463     68.250    104.659
  147  28.75853904  41.09653226     89.392    126.170
  181  29.02774969  41.18773813    185.995    222.265
  115  29.10213094  41.22853146     52.569     88.562
  730  28.98656770  41.06637925    112.505    149.026
  606  28.77734286  41.01950853     44.256     80.894
   37  28.87090261  41.22373990    119.585    156.098
  491  29.05797424  41.03583545    103.607    140.073
  743  29.06038685  40.97581810     42.485     78.990
  674  28.88884106  41.15551824     29.830     66.441
  241  28.77901467  41.11085374     81.114    117.890
  447  29.01466080  41.00025239      5.855     42.361
    3  28.98747786  41.22724530     79.204    115.480
  209  28.84417264  41.00229408     34.876     71.462
  573  28.88949908  41.02821142     82.442    119.043
  152  29.04057705  41.23335266     16.065     52.200
  726  29.08197775  41.22118620    102.761    138.822
   69  28.86351332  41.17493486     95.263    131.890
   51  28.99532587  41.23502911     31.743     67.988
  109  28.82865239  41.06183697     95.335    132.012
  321  29.03090176  41.02681544     81.509    117.995
  199  28.86250403  41.14061685    111.847    148.522
  348  28.77072809  41.17456435    129.019    165.783
  322  29.10458234  41.10743875     50.196     86.559
  582  29.02291083  41.07663352    133.842    170.319
  424  28.84933734  41.24720273     82.917    119.413
   76  29.04263893  40.97107779     22.623     59.131
  571  29.07528631  41.09155307     68.745    105.161
  723  28.78671002  41.19819572    157.334    194.036
  551  29.00734561  41.09343187    114.890    151.374
  495  28.79390388  41.09164120    126.034    162.778
  554  28.81464713  41.02745373     33.700     70.333
  575  29.12387690  41.05905343    111.365    147.785
  779  29.00942060  41.04042691      2.629     39.129
  324  28.92090615  40.99150605     10.220     46.776
  706  28.86771915  41.23303224    135.749    172.247
  140  28.86729751  41.09178291    139.351    176.024
  154  29.09522515  41.08614908     93.403    129.809
  273  29.09759153  41.07438129     28.982     65.400
  663  28.75943387  41.07568198     46.580     83.328
  737  29.10032057  41.20762702     70.898    106.956
  500  28.79077452  41.12150392    138.032    174.803
  541  28.82491565  41.08890609    103.683    140.398
  236  28.88620542  41.18543064     74.640    111.205
  165  28.99107045  41.19497893    163.856    200.186
  228  28.93833482  41.17726449    118.220    154.694
  768  28.90782312  41.15718619     28.154     64.726
  767  28.76000100  40.98929531      0.000     36.588
  753  28.94106736  41.21361362    130.239    166.639
  396  29.11971403  41.04271632    131.600    168.040
  261  29.07690024  41.00325109     70.896    107.380
  356  28.79533233  40.96509749      0.001     36.522
  133  28.84179052  41.05523802     87.787    124.447
  581  29.10254934  41.17786110    146.356    182.509
  690  29.06609488  41.07285160     84.345    120.785
   39  28.94712356  41.07735085      6.106     42.675
   38  28.92255573  41.10313231     26.084     62.684
  222  28.93084205  41.04376739     32.481     69.060
  605  28.99609203  41.17579404    104.593    140.954
  436  29.06056681  41.21533569    114.978    151.105
  503  29.12407454  41.03288386    137.225    173.675
  472  28.86494239  41.06850530    131.470    168.127
  653  28.81531039  41.17416144    143.001    179.708
  388  29.05662236  41.18894901    152.580    188.788
  218  29.04433679  41.14439315     83.115    119.470
  217  29.05019801  41.20233576    100.525    136.710
  383  28.75173543  41.02723987      8.338     45.008
  401  28.84107654  41.16710039     74.595    111.273
  734  29.11916141  41.14237706    124.823    161.072
  655  29.13402226  41.12985371    199.134    235.403
  642  29.01628143  41.03928453      0.000     36.494
   71  28.78448788  41.02451186     55.762     92.405
  685  28.76060771  40.99119674      0.000     36.592
  534  28.79555310  41.24161984     55.812     92.403
  128  29.10117888  41.08410699     98.226    134.630
  646  28.97837971  41.11557553     92.378    128.882
  367  28.90017474  41.03134065     41.093     77.690
  186  29.05784406  41.05093610     15.388     51.846
  178  28.85327986  41.20311988     51.579     88.168
   44  29.09288386  41.04009555     92.316    128.765
  550  28.93863595  41.22049436    148.039    184.432
  695  28.97023068  41.22590832    111.805    148.123
  626  28.84560826  41.22846320     72.794    109.339
  373  28.85004913  41.16084625     63.545    100.218
  584  29.09853111  41.00745180     69.650    106.130
  423  28.95335861  41.22774993    181.959    218.310
   92  28.89944603  41.00473790     40.914     77.489
  475  28.84365609  41.11025317    152.628    189.338
  769  29.13625772  41.06010755     80.007    116.421
  580  29.04947337  41.21202980    105.779    141.941
   96  28.76260381  41.16704840    195.700    232.482
  215  29.03439751  41.19767909    162.768    198.999
  335  28.83217070  41.16626337     71.920    108.614
  745  29.03804275  41.21243213    104.041    140.228
  438  28.84588657  41.17099327     85.410    122.074
  594  28.98093210  41.00456877     14.467     50.995
  247  29.03686725  41.00919409     50.911     87.402
  599  29.13412503  41.07798404    124.531    160.920
  275  28.85109778  41.07795158     97.139    133.818
  703  28.83187924  41.00106218     58.939     95.524
  159  28.80985969  40.97680500     34.400     70.945
  754  28.96665598  41.06835922     23.920     60.464
  664  29.07142235  41.01839329    145.861    182.333
  714  28.85515024  40.99709273     54.426     91.002
  196  28.88629992  41.02295643     67.158    103.755
  170  28.92738307  41.09762821     41.981     78.574
  570  29.01734113  41.11950540    133.370    169.813
  637  28.77932254  40.97281946      0.000     36.543
   67  28.96127664  41.14077012     62.135     98.631
  368  28.79492355  41.12245313    141.378    178.146
  456  28.85468773  41.04505031     60.753     97.391
  307  28.94785382  41.09019602     68.730    105.296
    8  28.94494212  41.03590899     16.613     53.176
    7  28.78773829  41.14964030    226.913    263.683
  161  28.88039556  40.98666197     19.392     55.951
  611  29.04992602  41.05817613      0.000     36.460
  266  28.87992658  41.04092627     89.853    126.471
  749  28.82372234  41.10461389    147.087    183.817
  717  28.99626513  41.13070849    131.030    167.485
  135  29.06257912  41.12369816     77.788    114.166
  710  29.00098570  41.06511717    116.277    152.781
  524  28.84810447  41.00650158     22.652     59.243
  603  29.08313205  41.02876151    154.375    190.836
  359  29.04671507  41.21836167    135.871    172.024
  533  29.14944466  40.91014711     43.999     80.536
  525  28.75597748  41.14042914    144.394    181.199
  658  29.06513091  41.11895018     25.338     61.722
   10  28.86992229  41.01381758     73.492    110.086
  380  28.85497342  41.11811491    170.397    207.094
  432  29.11528784  41.15471157     84.713    120.925
  413  28.83040586  41.16028054    155.144    191.849
  528  28.76528495  41.00684263      0.000     36.622
  499  28.85866425  40.97299847      0.000     36.537
  174  28.84436426  40.97268459      4.277     40.813
  320  28.79124554  41.03327478    103.901    140.556
  451  28.95582957  41.21168172    187.019    223.392
  501  28.93181013  41.07380101     96.241    132.829
  448  29.08490221  40.96715180     49.029     85.545
  597  28.89590433  41.08863656    107.395    144.032
  339  29.06547831  41.21038784    158.474    194.603
  610  29.01148397  41.08699121    126.450    162.934
  144  28.85746880  41.21174192     86.731    123.294
   90  29.08316549  41.15120968     66.728    103.005
  596  28.98444709  41.24476451     54.728     90.981
  719  28.76821572  41.05647678     56.093     92.804
  189  28.83979511  40.96518711     14.778     51.298
   23  28.80570695  41.01639313     16.544     53.162
   35  28.92045500  41.06812277     47.765     84.365
   32  28.97662578  41.16254079    140.161    176.588
  220  29.04754621  41.13661567     60.760     97.129
   57  28.84324577  40.98818345     19.074     55.637
  641  29.10381959  41.03583692    147.091    183.542
  529  28.92972995  41.16614108     79.059    115.572
  735  28.75024744  41.12738076    153.498    190.306
  591  28.90509404  41.18603125     99.491    136.017
  676  28.92361633  41.13304377    111.972    148.547
   45  28.85405866  41.22414463     92.906    129.446
    1  29.04403151  41.12404436     54.101     90.501
  538  28.78233713  41.11122726    135.625    172.399
  316  29.09880585  41.23811525     28.627     64.602
  183  28.91400101  41.01151380     42.202     78.776
  701  28.96660674  41.04238428     16.974     53.517
  523  28.80243916  41.12703356    172.049    208.810
  346  28.87133791  41.23465738    112.859    149.348
  657  29.06685390  40.95922186      0.000     36.515
  553  29.11810537  41.08826623    148.552    184.937
  559  28.82835481  41.06041301     96.702    133.377
  157  29.09422829  41.24013745     33.393     69.374
  766  29.09200839  41.12896005      0.000     36.329
  471  28.89564306  41.08516343    101.819    138.455
  283  29.00972114  41.14494056    145.250    181.657
  231  29.01043453  41.23039290     20.280     56.496
  454  29.09743286  41.11358405     49.990     86.348
   66  28.90223824  41.22361193    107.065    143.523
  327  29.13881881  40.99958162    106.375    142.871
  748  29.01540172  41.17431656    178.221    214.549
  259  28.84588187  41.22400798     71.596    108.150
  569  28.82179636  41.07869313     72.564    109.270
  437  28.97014630  41.15780506    187.702    224.151
  415  28.92655369  41.03343905     84.094    120.672
  587  29.01262476  41.17662344    179.686    216.013
  579  29.03465891  41.09051367    101.114    137.570
  100  28.98848987  41.21450245    168.652    204.948
  117  28.77410226  41.17714685    127.002    163.759
  317  28.78681370  40.96490255      0.000     36.522
  427  28.86579719  41.15463140     31.085     67.739
   88  28.80802124  41.22106580    155.771    192.391
  777  29.02659769  41.10673423    118.000    154.449
  224  29.04698770  41.01454885     71.400    107.884
  106  28.94960047  41.08163631      1.865     38.430
  715  29.12008777  41.08265746    114.382    150.774
  733  29.06756359  41.18153970     18.433     54.641
   40  29.09623923  41.13048011     53.577     89.895
   64  28.96424318  41.24994777      6.007     42.298
  552  28.95261922  41.14121846     58.546     95.058
  631  28.90001085  41.22223640    104.028    140.493
  103  29.06106741  41.24512970     29.178     65.233
  101  28.86638449  41.23732906    108.377    144.868
  372  29.08288492  40.99116037     18.146     54.642
  286  28.80706237  41.00784970     23.049     59.653
  736  28.85105531  41.14942355    174.396    211.082
  235  28.95588572  41.08611410     58.542     95.098
